1000.0,0.006350435,8.63488307222724E-12,1000.0,71.2,42.36680327868852,43.63992172211349,39.87473903966596,1000.0,5256.0
2000.0,0.012944649,1.7601239997893573E-11,2000.0,73.8,47.570639558152564,49.32301740812379,46.090534979423865,2000.0,5256.0
3000.0,0.019741041,2.6842504609376195E-11,3000.0,84.5,68.95827992822353,70.47619047619047,67.57322175732216,3000.0,5256.0
4000.0,0.02602507,3.538709338754416E-11,4000.0,81.8,63.318284424379215,64.31372549019608,61.11111111111109,4000.0,5256.0
5000.0,0.030272838,4.1162915043532854E-11,5000.0,73.3,46.61921708185053,43.90756302521008,45.51020408163265,5000.0,5256.0
6000.0,0.033963219,4.618084033951164E-11,6000.0,74.9,49.747737647153045,50.88062622309197,49.59839357429719,6000.0,5256.0
7000.0,0.037100084,5.044613279402257E-11,7000.0,73.7,47.25230645808262,47.92079207920792,43.44086021505375,7000.0,5256.0
8000.0,0.04018127,5.463571678847075E-11,8000.0,76.2,52.43196571903681,52.49500998003992,51.821862348178136,8000.0,5256.0
9000.0,0.042848071,5.826184866949916E-11,9000.0,77.0,54.01158907955196,54.63510848126233,51.98329853862214,9000.0,5256.0
10000.0,0.044860722,6.099851254373789E-11,10000.0,77.0,53.44336891879309,54.545454545454554,51.78197064989518,10000.0,5256.0
11000.0,0.046995902,6.39017828926444E-11,11000.0,78.2,56.393022883661395,58.396946564885496,55.05154639175258,11000.0,5256.0
12000.0,0.048986574,6.660856124013661E-11,12000.0,78.0,56.00000000000001,53.68421052631579,54.07098121085595,12000.0,5256.0
13000.0,0.05135626,6.983069665729999E-11,13000.0,81.3,62.596109995439505,63.96917148362235,60.548523206751035,13000.0,5256.0
14000.0,0.053356888,7.25510124862194E-11,14000.0,79.4,58.739925331282365,60.23166023166024,59.922178988326856,14000.0,5256.0
15000.0,0.055610001,7.561463998630643E-11,15000.0,81.3,62.60149594016239,62.97029702970296,62.14574898785424,15000.0,5256.0
16000.0,0.057260071,7.785829124972224E-11,16000.0,82.39999999999999,64.78295495019589,65.69200779727095,63.86036960985625,16000.0,5256.0
17000.0,0.058864402,8.003974977880716E-11,17000.0,78.3,56.601041575002206,55.714285714285715,55.25773195876289,17000.0,5256.0
18000.0,0.060472466,8.22262841835618E-11,18000.0,80.80000000000001,61.53969424056922,60.97560975609757,58.974358974358985,18000.0,5256.0
19000.0,0.062492297,8.497271092608571E-11,19000.0,81.2,62.40947281285118,61.94331983805669,62.17303822937627,19000.0,5256.0
20000.0,0.064448708,8.763290353119373E-11,20000.0,77.8,55.58294385043857,56.12648221343874,54.41478439425052,20000.0,5256.0
21000.0,0.066291116,9.013808272778988E-11,21000.0,77.8,55.6168655910754,54.320987654320994,53.846153846153854,21000.0,5256.0
22000.0,0.068766869,9.350444072857499E-11,22000.0,77.4,54.796202881042014,54.52716297786721,54.89021956087825,22000.0,5256.0
23000.0,0.071325627,9.69836631976068E-11,23000.0,79.3,58.599337589401436,55.48387096774194,58.18181818181819,23000.0,5256.0
24000.0,0.073329932,9.970897875726223E-11,24000.0,78.2,56.344120474206996,54.95867768595042,54.29769392033543,24000.0,5256.0
25000.0,0.075161066,1.021988283470273E-10,25000.0,79.80000000000001,59.581407447425825,60.00000000000001,59.2741935483871,25000.0,5256.0
26000.0,0.077244745,1.0503207119181752E-10,26000.0,78.7,57.400000000000006,59.03846153846155,58.398437500000014,26000.0,5256.0
27000.0,0.078871238,1.0724366407841444E-10,27000.0,80.2,60.420897765979575,60.94674556213019,58.577405857740594,27000.0,5256.0
28000.0,0.080906964,1.1001170374453067E-10,28000.0,79.7,59.40487141543015,60.03937007874016,59.56175298804782,28000.0,5256.0
29000.0,0.083030182,1.1289870899170637E-10,29000.0,77.10000000000001,54.19523630457568,53.07377049180329,54.2,29000.0,5256.0
30000.0,0.085024608,1.1561059176921844E-10,30000.0,77.9,55.800000000000004,55.976095617529886,55.35353535353536,30000.0,5256.0
31000.0,0.08775098,1.1931772418320178E-10,31000.0,78.0,55.981512235138766,58.17490494296579,55.28455284552846,31000.0,5256.0
32000.0,0.089725388,1.2200238786637781E-10,32000.0,74.1,48.13153362438419,44.89361702127659,44.53961456102783,32000.0,5256.0
33000.0,0.091378519,1.2425020126625894E-10,33000.0,77.5,55.000719988480185,56.14035087719299,54.63709677419355,33000.0,5256.0
34000.0,0.092881171,1.2629340371116994E-10,34000.0,78.8,57.60000000000001,55.833333333333336,56.91056910569107,34000.0,5256.0
35000.0,0.094426318,1.2839438792318104E-10,35000.0,82.0,63.99351883339,62.73291925465837,63.19018404907975,35000.0,5256.0
36000.0,0.095924192,1.3043109357357023E-10,36000.0,85.9,71.80203025382173,72.72727272727273,72.40704500978474,36000.0,5256.0
37000.0,0.097444601,1.324984407611191E-10,37000.0,81.89999999999999,63.81621033776867,64.01590457256461,63.43434343434342,37000.0,5256.0
38000.0,0.098960994,1.345603272691369E-10,38000.0,80.80000000000001,61.61965073882174,62.27897838899804,59.83263598326361,38000.0,5256.0
39000.0,0.10052686,1.3668948374688626E-10,39000.0,80.2,60.39477210991851,60.400000000000006,59.75609756097562,39000.0,5256.0
40000.0,0.10241106,1.3925148881971837E-10,40000.0,81.0,61.99695975678055,61.06557377049181,61.69354838709678,40000.0,5256.0
41000.0,0.104160057,1.416296541877091E-10,41000.0,81.2,62.385556053524574,61.55419222903886,62.54980079681276,41000.0,5256.0
42000.0,0.105796443,1.438546988926828E-10,42000.0,80.2,60.31666499649264,58.835758835758845,57.2354211663067,42000.0,5256.0
43000.0,0.107308677,1.4591093027964236E-10,43000.0,80.80000000000001,61.56002242332027,62.500000000000014,60.89613034623219,43000.0,5256.0
44000.0,0.108716092,1.4782463602721693E-10,44000.0,80.9,61.80397238687178,60.860655737704924,60.69958847736626,44000.0,5256.0
45000.0,0.110091111,1.496942919306457E-10,45000.0,82.3,64.56768572938519,65.15748031496062,63.278008298755175,45000.0,5256.0
46000.0,0.111516556,1.5163251362740995E-10,46000.0,79.7,59.37074693779522,59.318637274549104,59.1549295774648,46000.0,5256.0
47000.0,0.113009706,1.536627959087491E-10,47000.0,80.2,60.36781866875904,61.70212765957448,57.96178343949045,47000.0,5256.0
48000.0,0.114560254,1.5577112402766942E-10,48000.0,77.2,54.27636328632622,55.6420233463035,55.984555984555996,48000.0,5256.0
49000.0,0.116106255,1.5787326944991945E-10,49000.0,77.4,54.83053455863837,55.158730158730165,53.97148676171079,49000.0,5256.0
50000.0,0.117583892,1.598824582248926E-10,50000.0,79.4,58.7055182257004,56.63157894736843,58.21501014198783,50000.0,5256.0
51000.0,0.119028713,1.6184702606871722E-10,51000.0,77.8,55.6026638401696,55.51102204408818,54.78615071283096,51000.0,5256.0
52000.0,0.120437939,1.6376319428905843E-10,52000.0,74.6,49.23979599993606,48.79032258064516,48.478701825557806,52000.0,5256.0
53000.0,0.121904556,1.6575739882886407E-10,53000.0,79.9,59.80000000000001,60.11904761904763,60.89494163424125,53000.0,5256.0
54000.0,0.123348904,1.6772132351994512E-10,54000.0,76.1,52.198087923516944,49.684210526315795,49.684210526315795,54000.0,5256.0
55000.0,0.124756156,1.6963480763137337E-10,55000.0,80.2,60.27414850245578,60.479041916167674,57.04989154013016,55000.0,5256.0
56000.0,0.126130519,1.715035715512931E-10,56000.0,75.3,50.59762868617693,54.34380776340111,50.201612903225815,56000.0,5256.0
57000.0,0.127549222,1.7343262594193217E-10,57000.0,77.60000000000001,55.17938251595736,55.992141453831046,54.004106776180706,57000.0,5256.0
58000.0,0.129009713,1.7541850076988338E-10,58000.0,77.2,54.414587332053756,55.46875,52.10084033613446,58000.0,5256.0
59000.0,0.130459805,1.7739023575559256E-10,59000.0,77.3,54.459735986839476,53.9553752535497,54.780876494023914,59000.0,5256.0
60000.0,0.131933477,1.7939403319731353E-10,60000.0,74.9,49.80160634859684,50.78431372549019,51.262135922330096,60000.0,5256.0
61000.0,0.133397376,1.8138454198837278E-10,61000.0,77.60000000000001,55.17992060443079,52.13675213675214,53.13807531380753,61000.0,5256.0
62000.0,0.134862534,1.8337676268070933E-10,62000.0,79.80000000000001,59.509300833867876,59.60000000000001,57.91666666666667,62000.0,5256.0
63000.0,0.136282357,1.853073399700224E-10,63000.0,79.0,57.99143025177137,59.06432748538013,56.15866388308978,63000.0,5256.0
64000.0,0.137760132,1.8731671638786788E-10,64000.0,78.8,57.431770356448695,57.42971887550201,55.27426160337553,64000.0,5256.0
65000.0,0.139254043,1.893480334244668E-10,65000.0,78.9,57.81822252786797,56.76229508196722,57.28744939271255,65000.0,5256.0
66000.0,0.14069642,1.9130927808582776E-10,66000.0,77.3,54.627586427452115,55.22682445759369,54.32595573440644,66000.0,5256.0
67000.0,0.142078369,1.93188356924802E-10,67000.0,80.60000000000001,61.19689575166014,61.73570019723867,60.08230452674898,67000.0,5256.0
68000.0,0.143534937,1.9516889752820129E-10,68000.0,79.80000000000001,59.58949326824976,57.82881002087683,54.809843400447434,68000.0,5256.0
69000.0,0.145041754,1.9721776325255626E-10,69000.0,81.0,62.00106397020883,62.4505928853755,62.4505928853755,69000.0,5256.0
70000.0,0.146770788,1.995687843114137E-10,70000.0,79.60000000000001,59.201142368013706,59.03614457831326,58.704453441295556,70000.0,5256.0
71000.0,0.148296043,2.016427207551896E-10,71000.0,79.9,59.76781425140113,59.47580645161291,57.684210526315795,71000.0,5256.0
72000.0,0.14977962,2.0365998633205884E-10,72000.0,80.2,60.40142554868025,60.6361829025845,61.403508771929836,72000.0,5256.0
73000.0,0.15124228,2.0564881041645996E-10,73000.0,78.60000000000001,57.17533299180329,58.84615384615386,55.96707818930041,73000.0,5256.0
74000.0,0.152728438,2.0766958545893423E-10,74000.0,82.69999999999999,65.3592624926914,66.40776699029125,63.88308977035489,74000.0,5256.0
75000.0,0.154224229,2.0970345878973596E-10,75000.0,82.0,63.98285583937954,63.636363636363626,62.962962962962955,75000.0,5256.0
76000.0,0.155678888,2.1168140366673461E-10,76000.0,83.0,65.9884360682632,66.79687499999999,65.99999999999999,76000.0,5256.0
77000.0,0.157168825,2.137073171325027E-10,77000.0,83.0,66.00435144301528,66.06786427145708,64.87603305785123,77000.0,5256.0
78000.0,0.158673572,2.157533682137727E-10,78000.0,81.39999999999999,62.70048489369636,61.57024793388428,60.50955414012738,78000.0,5256.0
79000.0,0.160111239,2.1770820854231707E-10,79000.0,82.39999999999999,64.79535298659422,63.33333333333332,64.51612903225805,79000.0,5256.0
80000.0,0.161641528,2.1978898987174027E-10,80000.0,81.0,61.89895603139527,61.14519427402863,59.40170940170941,80000.0,5256.0
81000.0,0.163180234,2.2188121605664483E-10,81000.0,80.7,61.39845593823754,59.87525987525989,61.32264529058117,81000.0,5256.0
82000.0,0.164705731,2.2395548155531278E-10,82000.0,83.89999999999999,67.7974237939035,66.94045174537987,67.86427145708582,82000.0,5256.0
83000.0,0.166237333,2.2603804821148505E-10,83000.0,80.30000000000001,60.57918581010774,59.4650205761317,59.95934959349595,83000.0,5256.0
84000.0,0.167692224,2.280163085460662E-10,84000.0,81.5,62.98134259666871,61.45833333333333,61.93415637860081,84000.0,5256.0
85000.0,0.16919143,2.300548253580927E-10,85000.0,79.7,59.39122850535716,58.989898989899004,58.65580448065174,85000.0,5256.0
86000.0,0.170678504,2.3207684591412536E-10,86000.0,82.39999999999999,64.79788787327239,64.22764227642276,65.35433070866141,86000.0,5256.0
87000.0,0.172132186,2.3405346233397715E-10,87000.0,81.3,62.54006410256409,61.52263374485596,60.548523206751035,87000.0,5256.0
88000.0,0.173586689,2.360311950929462E-10,88000.0,80.4,60.702384723653566,61.56862745098041,58.909853249475894,88000.0,5256.0
89000.0,0.175040688,2.38008242547512E-10,89000.0,80.9,61.804583449986005,62.91262135922331,60.94069529652353,89000.0,5256.0
90000.0,0.176509321,2.4000518830493085E-10,90000.0,80.2,60.39619803501136,62.92134831460674,60.00000000000001,90000.0,5256.0
91000.0,0.178022503,2.4206270871683945E-10,91000.0,80.7,61.40833579946733,58.22510822510824,59.87525987525989,91000.0,5256.0
92000.0,0.179599726,2.4420730765908945E-10,92000.0,82.8,65.6,65.32258064516128,64.46280991735536,92000.0,5256.0
93000.0,0.18130712,2.4652890413999547E-10,93000.0,83.6,67.11911301802432,65.61844863731655,65.4736842105263,93000.0,5256.0
94000.0,0.18297623,2.487984446808695E-10,94000.0,83.3,66.57754010695186,66.66666666666666,67.50972762645914,94000.0,5256.0
95000.0,0.184620846,2.510346799716353E-10,95000.0,84.8,69.6,70.42801556420233,68.9161554192229,95000.0,5256.0
96000.0,0.18610676,2.5305512323975557E-10,96000.0,83.39999999999999,66.79893756600211,67.38703339882122,66.32860040567951,96000.0,5256.0
97000.0,0.187570786,2.5504580471664663E-10,97000.0,84.89999999999999,69.79685887332282,70.90558766859345,68.93004115226337,97000.0,5256.0
98000.0,0.189035602,2.570375603809952E-10,98000.0,82.89999999999999,65.80574463490133,62.33480176211452,63.066954643628506,98000.0,5256.0
99000.0,0.190492374,2.590183783695101E-10,99000.0,82.1,64.19999999999999,65.03906249999999,63.98390342052313,99000.0,5256.0
100000.0,0.192005709,2.610761068202554E-10,100000.0,83.8,67.568866111467,65.08620689655172,64.78260869565217,100000.0,5256.0
101000.0,0.193511457,2.631235189922153E-10,101000.0,82.19999999999999,64.38703688142483,65.16634050880626,64.61232604373757,101000.0,5256.0
102000.0,0.195012591,2.6516465736553063E-10,102000.0,78.5,56.97590650764429,58.333333333333336,54.926624737945495,102000.0,5256.0
103000.0,0.196515317,2.672079604305326E-10,103000.0,78.7,57.43983631321085,58.07086614173229,57.22891566265061,103000.0,5256.0
104000.0,0.198038871,2.692795839719473E-10,104000.0,78.7,57.37749531752766,58.4795321637427,55.345911949685544,104000.0,5256.0
105000.0,0.199621957,2.7143215501680955E-10,105000.0,82.89999999999999,65.794253434577,65.59356136820925,65.59356136820925,105000.0,5256.0
106000.0,0.201109949,2.734554238058625E-10,106000.0,80.4,60.806114246177614,63.63636363636365,60.404040404040416,106000.0,5256.0
107000.0,0.202600106,2.7548163641244156E-10,107000.0,79.9,59.761693131861534,58.895705521472394,58.55670103092784,107000.0,5256.0
108000.0,0.204130786,2.775629493966697E-10,108000.0,77.10000000000001,54.22746352188687,54.92125984251969,55.09803921568628,108000.0,5256.0
109000.0,0.205927819,2.80006430801004E-10,109000.0,79.9,59.79549709567473,61.04651162790699,58.72689938398358,109000.0,5256.0
110000.0,0.20767986,2.8238873519003373E-10,110000.0,81.3,62.59850394015759,61.75869120654396,62.222222222222214,110000.0,5256.0
111000.0,0.209428225,2.847660412080584E-10,111000.0,81.39999999999999,62.76559541015898,62.72545090180359,61.006289308176086,111000.0,5256.0
112000.0,0.211167101,2.871304447390137E-10,112000.0,82.5,64.99607956091081,65.61886051080549,65.41501976284584,112000.0,5256.0
113000.0,0.212955163,2.895617279969154E-10,113000.0,78.7,57.36452728670255,56.96969696969698,55.99173553719009,113000.0,5256.0
114000.0,0.214764833,2.920223923213778E-10,114000.0,79.60000000000001,59.19755185311119,58.62068965517242,58.11088295687886,114000.0,5256.0
115000.0,0.216427584,2.942832863330839E-10,115000.0,79.10000000000001,58.20000000000001,59.65250965250966,57.2597137014315,115000.0,5256.0
116000.0,0.217933591,2.9633105067536213E-10,116000.0,81.2,62.39894717052079,63.63636363636365,62.02020202020203,116000.0,5256.0
117000.0,0.219381889,2.98300346303731E-10,117000.0,80.2,60.399366389862244,61.100196463654235,58.49056603773586,117000.0,5256.0
118000.0,0.220872753,3.00327520240098E-10,118000.0,78.8,57.56248523694947,58.51272015655577,56.4681724845996,118000.0,5256.0
119000.0,0.222367895,3.0236051110550737E-10,119000.0,83.39999999999999,66.79694531896934,66.32860040567951,65.27196652719664,119000.0,5256.0
120000.0,0.223825267,3.0434214493259765E-10,120000.0,83.7,67.36945781251251,67.46506986027944,66.18257261410787,120000.0,5256.0
121000.0,0.225257102,3.062890553101895E-10,121000.0,83.89999999999999,67.74581296578252,68.18181818181817,65.52462526766595,121000.0,5256.0
122000.0,0.226580384,3.080883628129957E-10,122000.0,84.3,68.61305696830118,68.21862348178136,68.08943089430893,122000.0,5256.0
123000.0,0.227872845,3.0984576204791644E-10,123000.0,86.4,72.81304973612666,73.84615384615385,72.35772357723576,123000.0,5256.0
124000.0,0.229299042,3.117850062623618E-10,124000.0,84.0,68.0044793728878,67.0103092783505,67.67676767676767,124000.0,5256.0
125000.0,0.230741637,3.137465473450718E-10,125000.0,83.39999999999999,66.7414649783619,66.53225806451613,64.52991452991452,125000.0,5256.0
126000.0,0.231998143,3.1545505745336394E-10,126000.0,82.0,63.99783987039221,64.42687747035572,63.636363636363626,126000.0,5256.0
127000.0,0.233332036,3.172687930613754E-10,127000.0,84.89999999999999,69.74408707291073,69.67871485943775,68.21052631578947,127000.0,5256.0
128000.0,0.234714904,3.191491214931009E-10,128000.0,80.5,60.89833567274916,61.46245059288539,60.44624746450305,128000.0,5256.0
129000.0,0.235972275,3.208588077686725E-10,129000.0,80.60000000000001,61.20558639555904,60.88709677419356,60.72874493927126,129000.0,5256.0
130000.0,0.237302661,3.2266777480021096E-10,130000.0,82.5,64.99663967740902,64.85943775100401,64.78873239436619,130000.0,5256.0
131000.0,0.238562212,3.24380425289273E-10,131000.0,80.10000000000001,60.201910308305216,61.284046692607006,59.053497942386834,131000.0,5256.0
132000.0,0.239821138,3.2609222594648574E-10,132000.0,81.2,62.39037193521543,62.17303822937627,60.99585062240664,132000.0,5256.0
133000.0,0.241117818,3.2785536188632227E-10,133000.0,83.2,66.35963155786943,67.93893129770991,64.1025641025641,133000.0,5256.0
134000.0,0.242376005,3.295661577023563E-10,134000.0,80.9,61.75869939534698,63.198458574181124,61.41414141414142,134000.0,5256.0
135000.0,0.243633546,3.312760751321909E-10,135000.0,80.4,60.76123209731216,61.643835616438366,59.25155925155926,135000.0,5256.0
136000.0,0.244945906,3.330605316534636E-10,136000.0,80.30000000000001,60.59337968778756,62.33269598470365,60.7569721115538,136000.0,5256.0
137000.0,0.246390802,3.350252014771101E-10,137000.0,78.4,56.750003003472024,58.85714285714286,55.27950310559007,137000.0,5256.0
138000.0,0.247781425,3.369160746224222E-10,138000.0,78.4,56.80950190957991,57.64705882352942,58.6998087954111,138000.0,5256.0
139000.0,0.249073386,3.3867279399186347E-10,139000.0,80.30000000000001,60.581078917880596,59.04365904365905,59.1286307053942,139000.0,5256.0
140000.0,0.25048896,3.4059759378433203E-10,140000.0,77.0,53.94842223290085,55.33980582524273,54.183266932270925,140000.0,5256.0
141000.0,0.251745474,3.423061147704718E-10,141000.0,76.0,51.993279059068264,52.475247524752476,51.417004048582996,141000.0,5256.0
142000.0,0.253043547,3.440711448155341E-10,142000.0,77.4,54.788606728895694,54.800000000000004,54.0650406504065,142000.0,5256.0
143000.0,0.25430219,3.4578256066888544E-10,143000.0,76.9,53.79556437417992,52.56673511293635,53.707414829659314,143000.0,5256.0
144000.0,0.25556029,3.474932381883261E-10,144000.0,77.60000000000001,55.20501703809173,55.2,55.11022044088176,144000.0,5256.0
145000.0,0.256853648,3.49251857101917E-10,145000.0,75.7,51.302605210420836,54.57943925233645,48.94957983193277,145000.0,5256.0
146000.0,0.258109412,3.5095935828983757E-10,146000.0,77.7,55.400000000000006,51.83585313174947,54.489795918367356,146000.0,5256.0
147000.0,0.259368614,3.52671534232795E-10,147000.0,76.3,52.6,51.434426229508205,52.0242914979757,147000.0,5256.0
148000.0,0.2606657,3.544352222234008E-10,148000.0,76.7,53.34588122221777,55.01930501930502,53.0241935483871,148000.0,5256.0
149000.0,0.262073026,3.5634880695492006E-10,149000.0,73.6,47.204434827474486,46.881287726358146,45.67901234567901,149000.0,5256.0
150000.0,0.263410584,3.5816752597689607E-10,150000.0,75.1,50.22588254107865,50.49701789264414,48.553719008264466,150000.0,5256.0
151000.0,0.26478587,3.600375449284909E-10,151000.0,74.2,48.275862068965516,50.57471264367817,46.25,151000.0,5256.0
152000.0,0.266201142,3.6196193408220986E-10,152000.0,72.2,44.41867532509075,43.7246963562753,43.03278688524589,152000.0,5256.0
153000.0,0.267462931,3.6367762764915804E-10,153000.0,74.5,49.008566560817776,49.504950495049506,47.42268041237113,153000.0,5256.0
154000.0,0.268784596,3.654747364670036E-10,154000.0,74.7,49.44852941176471,51.992409867172675,47.401247401247396,154000.0,5256.0
155000.0,0.270077329,3.672325055487452E-10,155000.0,77.2,54.292312688694565,54.12474849094567,53.086419753086425,155000.0,5256.0
156000.0,0.271330435,3.6893639257177687E-10,156000.0,75.8,51.6092910161249,50.712830957230146,49.37238493723849,156000.0,5256.0
157000.0,0.272597273,3.7065895142033675E-10,157000.0,77.8,55.50656378394629,55.864811133200796,53.06553911205074,157000.0,5256.0
158000.0,0.273825233,3.72328646648675E-10,158000.0,76.7,53.40111837315905,51.356993736951985,51.15303983228512,158000.0,5256.0
159000.0,0.275051799,3.739964464120565E-10,159000.0,78.0,55.93390085127692,55.82329317269077,53.97489539748954,159000.0,5256.0
160000.0,0.276332106,3.757373194769023E-10,160000.0,76.4,52.795468364963035,51.13871635610766,54.70249520153552,160000.0,5256.0
161000.0,0.277559086,3.774056821689008E-10,161000.0,76.4,52.800000000000004,53.99610136452242,51.13871635610766,161000.0,5256.0
162000.0,0.278963302,3.793150381371377E-10,162000.0,77.9,55.73945156974742,57.98479087452472,53.66876310272537,162000.0,5256.0
163000.0,0.280388487,3.812529063038526E-10,163000.0,74.4,48.70952359962974,47.43326488706365,47.107438016528924,163000.0,5256.0
164000.0,0.281893311,3.8329906208440644E-10,164000.0,76.2,52.333075638196036,50.31315240083507,50.62240663900415,164000.0,5256.0
165000.0,0.283238151,3.8512768266722543E-10,165000.0,75.3,50.59881437154492,51.7578125,51.47347740667977,165000.0,5256.0
166000.0,0.284533341,3.868887926079331E-10,166000.0,75.9,51.09220641118264,52.83757338551859,44.3418013856813,166000.0,5256.0
167000.0,0.285828851,3.8865033766254766E-10,167000.0,77.2,54.47956971214318,54.761904761904766,52.5987525987526,167000.0,5256.0
168000.0,0.287125226,3.9041305888444167E-10,168000.0,76.8,53.60835049691056,55.038759689922486,53.31991951710262,168000.0,5256.0
169000.0,0.288416679,3.921690875105558E-10,169000.0,77.3,54.57201636207905,54.6,51.906779661016955,169000.0,5256.0
170000.0,0.289706882,3.9392341647297125E-10,170000.0,77.3,54.60217909540342,55.40275049115914,53.09917355371901,170000.0,5256.0
171000.0,0.291000637,3.9568257519975286E-10,171000.0,75.3,50.60711257578908,48.7551867219917,49.385245901639344,171000.0,5256.0
172000.0,0.292397827,3.975823776982723E-10,172000.0,77.0,53.98987777311008,52.47933884297521,52.772073921971256,172000.0,5256.0
173000.0,0.293766973,3.994440479017792E-10,173000.0,76.2,52.378665642207714,52.400000000000006,51.229508196721305,173000.0,5256.0
174000.0,0.295185377,4.0137269573286154E-10,174000.0,76.4,52.847529690072406,54.440154440154444,53.99610136452242,174000.0,5256.0
175000.0,0.296701756,4.034345632046459E-10,175000.0,77.2,54.39398000536071,53.37423312883436,53.37423312883436,175000.0,5256.0
176000.0,0.297992201,4.051892212219534E-10,176000.0,79.2,58.391844801581115,60.45627376425856,56.39412997903565,176000.0,5256.0
177000.0,0.299322871,4.069985744170842E-10,177000.0,76.9,53.70815698345518,55.916030534351144,51.47058823529412,177000.0,5256.0
178000.0,0.300611965,4.087513954378662E-10,178000.0,78.10000000000001,56.20945875690852,53.503184713375795,56.1122244488978,178000.0,5256.0
179000.0,0.30190314,4.1050704605877374E-10,179000.0,80.2,60.39493055111056,60.6361829025845,57.6923076923077,179000.0,5256.0
180000.0,0.303234707,4.1231761893257473E-10,180000.0,81.39999999999999,62.7691728751406,61.96319018404907,60.759493670886066,180000.0,5256.0
181000.0,0.304521237,4.14066953603178E-10,181000.0,78.9,57.77703070470336,58.051689860835,55.949895615866396,181000.0,5256.0
182000.0,0.305814008,4.15824774354696E-10,182000.0,81.10000000000001,62.257067314220905,58.82352941176472,60.5427974947808,182000.0,5256.0
183000.0,0.307142659,4.1763138225302076E-10,183000.0,79.60000000000001,59.17664904325275,57.938144329896915,59.36254980079681,183000.0,5256.0
184000.0,0.308431677,4.1938409993424986E-10,184000.0,79.60000000000001,59.19020564935585,58.19672131147542,57.76397515527951,184000.0,5256.0
185000.0,0.309722774,4.211396444961426E-10,185000.0,81.5,63.01775147928993,63.58267716535432,60.04319654427645,185000.0,5256.0
186000.0,0.311177108,4.231171474605796E-10,186000.0,81.5,62.858863681991565,63.867187499999986,59.95670995670994,186000.0,5256.0
187000.0,0.312499926,4.2491582404822084E-10,187000.0,81.10000000000001,62.20000000000001,62.35059760956177,61.81818181818183,187000.0,5256.0
188000.0,0.313790885,4.2667118096724123E-10,188000.0,80.30000000000001,60.58234088871816,59.29752066115703,59.29752066115703,188000.0,5256.0
189000.0,0.315109864,4.2846463754773113E-10,189000.0,81.0,61.881833684421714,61.84738955823295,60.985626283367566,189000.0,5256.0
190000.0,0.316362957,4.301685068942604E-10,190000.0,83.5,66.96405689390056,68.08510638297872,65.9090909090909,190000.0,5256.0
191000.0,0.317615877,4.318721410073337E-10,191000.0,83.5,66.86081542478408,65.76763485477177,65.18987341772151,191000.0,5256.0
192000.0,0.318938433,4.336704613454637E-10,192000.0,84.0,68.00217585204206,67.41344195519348,67.93587174348697,192000.0,5256.0
193000.0,0.320192698,4.353759242966768E-10,193000.0,80.5,61.014034947418935,61.68958742632614,59.375000000000014,193000.0,5256.0
194000.0,0.321440992,4.370732682943341E-10,194000.0,85.5,70.99698368630337,70.34764826175869,70.2258726899384,194000.0,5256.0
195000.0,0.322753151,4.38857451509684E-10,195000.0,85.39999999999999,70.79859833271996,69.77225672877846,70.5050505050505,195000.0,5256.0
196000.0,0.324002252,4.405558928102252E-10,196000.0,87.4,74.78032865635195,75.29411764705883,74.28571428571429,196000.0,5256.0
197000.0,0.325253658,4.422574682906267E-10,197000.0,86.5,72.97730093278354,72.22222222222221,71.93347193347192,197000.0,5256.0
198000.0,0.326593622,4.440794588252899E-10,198000.0,84.0,67.9538535491107,69.46564885496183,66.66666666666666,198000.0,5256.0
199000.0,0.327902746,4.4585951525717946E-10,199000.0,84.1,68.19032986027752,68.0722891566265,67.74847870182555,199000.0,5256.0
200000.0,0.329210571,4.476378053985533E-10,200000.0,84.8,69.6,68.65979381443297,69.16835699797159,200000.0,5256.0
201000.0,0.33050044,4.4939168021082846E-10,201000.0,84.39999999999999,68.80037439550725,68.54838709677419,69.23076923076923,201000.0,5256.0
202000.0,0.331789819,4.5114488875493376E-10,202000.0,82.5,64.96636771300447,65.0698602794411,63.235294117647044,202000.0,5256.0
203000.0,0.333042751,4.528485391847786E-10,203000.0,83.6,67.19173231654376,66.53061224489795,66.80161943319838,203000.0,5256.0
204000.0,0.334338217,4.5461002441123094E-10,204000.0,85.0,69.99243809439979,70.17892644135189,70.29702970297029,204000.0,5256.0
205000.0,0.335603052,4.5632985971868E-10,205000.0,83.1,66.1753756734903,67.43737957610789,65.22633744855966,205000.0,5256.0
206000.0,0.336857677,4.5803581217303837E-10,206000.0,85.5,70.99930398329559,70.76612903225806,71.51277013752456,206000.0,5256.0
207000.0,0.338108107,4.5973606055602396E-10,207000.0,86.2,72.37215112833736,71.3097713097713,71.00840336134453,207000.0,5256.0
208000.0,0.339361209,4.6143994214013183E-10,208000.0,86.1,72.15901807460583,72.90448343079922,70.85953878406708,208000.0,5256.0
209000.0,0.340611904,4.6314055085182153E-10,209000.0,82.8,65.50064184852374,65.3923541247485,63.636363636363626,209000.0,5256.0
210000.0,0.341859655,4.6483715651556814E-10,210000.0,84.89999999999999,69.78936585678159,70.3921568627451,69.12065439672801,210000.0,5256.0
211000.0,0.343159949,4.666052065230903E-10,211000.0,85.8,71.59829589775386,73.15689981096408,70.60041407867494,211000.0,5256.0
212000.0,0.344413998,4.683103757724163E-10,212000.0,86.2,72.37314669859103,72.88801571709233,71.89409368635438,212000.0,5256.0
213000.0,0.345770623,4.701550207845864E-10,213000.0,85.39999999999999,70.74675910156485,70.62374245472837,68.8034188034188,213000.0,5256.0
214000.0,0.347030178,4.718676767125723E-10,214000.0,87.0,73.9699092150526,73.25102880658436,73.08488612836439,214000.0,5256.0
215000.0,0.348280902,4.735683248564599E-10,215000.0,86.3,72.6,72.48995983935743,71.98364008179959,215000.0,5256.0
216000.0,0.349533161,4.752710601873694E-10,216000.0,85.6,71.2,70.85020242914979,71.08433734939759,216000.0,5256.0
217000.0,0.350785344,4.76973692178726E-10,217000.0,84.7,69.3867750868375,69.7029702970297,68.90243902439023,217000.0,5256.0
218000.0,0.35203569,4.78673826344311E-10,218000.0,84.7,69.30201202237541,70.85714285714285,66.07538802660753,218000.0,5256.0
219000.0,0.353285152,4.803727585077284E-10,219000.0,85.5,70.98049889525761,71.95357833655706,71.23015873015872,219000.0,5256.0
220000.0,0.354536016,4.820735970139501E-10,220000.0,85.6,71.15881478751656,70.67209775967413,69.93736951983298,220000.0,5256.0
221000.0,0.355789255,4.837776648811994E-10,221000.0,85.8,71.53544238332537,73.15689981096408,69.97885835095137,221000.0,5256.0
222000.0,0.357040017,4.854783646948633E-10,222000.0,84.7,69.40220304138101,70.96774193548386,69.5219123505976,222000.0,5256.0
223000.0,0.358292335,4.871811802498994E-10,223000.0,85.1,70.18640500068031,68.49894291754757,68.63157894736841,223000.0,5256.0
224000.0,0.359546631,4.888866853527722E-10,224000.0,82.69999999999999,65.348993718754,64.90872210953346,65.67460317460316,224000.0,5256.0
225000.0,0.360890923,4.907145608030257E-10,225000.0,84.2,68.42021106491845,67.21991701244812,67.35537190082644,225000.0,5256.0
226000.0,0.362222278,4.925248454138634E-10,226000.0,84.89999999999999,69.7331708412174,69.61770623742454,68.8659793814433,226000.0,5256.0
227000.0,0.363481002,4.942363714054225E-10,227000.0,84.3,68.60251179905607,69.27592954990214,68.66267465069859,227000.0,5256.0
228000.0,0.364733687,4.959396859817205E-10,228000.0,82.8,65.58334233769145,67.11281070745697,65.11156186612575,228000.0,5256.0
229000.0,0.365986484,4.976431528478859E-10,229000.0,84.2,68.39886235904493,67.68916155419222,68.20925553319918,229000.0,5256.0
230000.0,0.367242262,4.993506730720398E-10,230000.0,84.3,68.60853847753411,67.6954732510288,67.22338204592901,230000.0,5256.0
231000.0,0.368493284,5.010517264157531E-10,231000.0,83.6,67.19790066564259,67.58893280632411,66.73427991886409,231000.0,5256.0
232000.0,0.369744005,5.027523704804478E-10,232000.0,85.9,71.79751818159997,70.5020920502092,71.22448979591837,232000.0,5256.0
233000.0,0.370996899,5.044559692405161E-10,233000.0,82.1,64.1891134905011,61.42241379310344,64.05622489959838,233000.0,5256.0
234000.0,0.372248733,5.061581266857681E-10,234000.0,84.0,68.0030717051163,68.06387225548902,67.93587174348697,234000.0,5256.0
235000.0,0.373504648,5.078658331930634E-10,235000.0,83.0,65.99673568662591,65.1639344262295,64.28571428571428,235000.0,5256.0
236000.0,0.374759507,5.095721038244661E-10,236000.0,83.8,67.60414666922632,66.5289256198347,66.5289256198347,236000.0,5256.0
237000.0,0.376017093,5.112820824421939E-10,237000.0,83.39999999999999,66.80159352351086,66.93227091633466,64.37768240343347,237000.0,5256.0
238000.0,0.377374895,5.131283278577026E-10,238000.0,81.39999999999999,62.81190019193858,63.81322957198443,61.16910229645093,238000.0,5256.0
239000.0,0.378692714,5.149202071502801E-10,239000.0,82.69999999999999,65.39030928660023,65.12096774193547,64.18219461697721,239000.0,5256.0
240000.0,0.37995052,5.166304849088188E-10,240000.0,84.7,69.38898003281182,69.15322580645162,67.23768736616702,240000.0,5256.0
241000.0,0.381203929,5.183347839303311E-10,241000.0,83.7,67.40912544487543,67.00404858299595,69.01140684410646,241000.0,5256.0
242000.0,0.382494575,5.200897152535613E-10,242000.0,84.1,68.22338758673617,66.31355932203388,67.68292682926828,242000.0,5256.0
243000.0,0.383785439,5.218449429981406E-10,243000.0,81.39999999999999,62.803124537538835,63.95348837209301,62.87425149700597,243000.0,5256.0
244000.0,0.385114059,5.236515087448057E-10,244000.0,84.3,68.59824150152409,69.09448818897637,67.95918367346938,244000.0,5256.0
245000.0,0.386366895,5.253550286404785E-10,245000.0,80.80000000000001,61.3528125893213,60.655737704918046,58.351409978308034,245000.0,5256.0
246000.0,0.387660577,5.271140881069002E-10,246000.0,79.80000000000001,59.59612122763785,61.15384615384616,59.43775100401607,246000.0,5256.0
247000.0,0.388912814,5.288167935237285E-10,247000.0,81.8,63.61746361746361,63.30645161290322,62.5514403292181,247000.0,5256.0
248000.0,0.390164647,5.305189496092495E-10,248000.0,82.19999999999999,64.28571428571426,64.68253968253967,61.88436830835117,248000.0,5256.0
249000.0,0.39145642,5.322754133492705E-10,249000.0,81.3,62.5967085103489,61.28364389233953,61.75869120654396,249000.0,5256.0
250000.0,0.392708216,5.33977519124746E-10,250000.0,80.30000000000001,60.56182384548243,59.54825462012321,58.35095137420719,250000.0,5256.0
251000.0,0.394013467,5.357523093186316E-10,251000.0,78.0,55.995071448002186,57.528957528957534,55.102040816326536,251000.0,5256.0
252000.0,0.395457573,5.377159049548206E-10,252000.0,83.39999999999999,66.79521851146565,68.9138576779026,65.77319587628865,252000.0,5256.0
253000.0,0.396720942,5.394337468966839E-10,253000.0,80.80000000000001,61.561099833031044,62.934362934362944,59.40803382663849,253000.0,5256.0
254000.0,0.397974113,5.411377223022279E-10,254000.0,80.60000000000001,61.19767186031163,62.620423892100206,60.72874493927126,254000.0,5256.0
255000.0,0.39923436,5.428513191640374E-10,255000.0,81.39999999999999,62.80714102892243,63.95348837209301,63.385826771653534,255000.0,5256.0
256000.0,0.400487075,5.445546745322642E-10,256000.0,81.3,62.57694739959815,63.54775828460038,62.44979919678714,256000.0,5256.0
257000.0,0.401741754,5.462607004120943E-10,257000.0,79.9,59.792280117782624,58.55670103092784,60.03976143141154,257000.0,5256.0
258000.0,0.403001885,5.479741395451126E-10,258000.0,78.2,56.4209179593795,57.17092337917485,55.60081466395113,258000.0,5256.0
259000.0,0.404442985,5.49933647830039E-10,259000.0,79.5,59.006558950567914,58.83534136546186,58.333333333333336,259000.0,5256.0
260000.0,0.405702234,5.516458876803515E-10,260000.0,79.7,59.412987843889965,59.23694779116466,56.53104925053534,260000.0,5256.0
261000.0,0.406998641,5.534086524136362E-10,261000.0,78.9,57.7966237298984,56.93877551020409,57.28744939271255,261000.0,5256.0
262000.0,0.408438062,5.553658777102826E-10,262000.0,80.60000000000001,61.21489348090334,61.88605108055011,60.00000000000001,262000.0,5256.0
263000.0,0.409865405,5.573066801764068E-10,263000.0,77.3,54.596004448391454,55.049504950495056,54.04858299595142,263000.0,5256.0
264000.0,0.411193955,5.591131507419047E-10,264000.0,79.60000000000001,59.1960828239511,60.00000000000001,57.50000000000001,264000.0,5256.0
265000.0,0.412458453,5.608325278200206E-10,265000.0,76.7,53.40111837315905,53.212851405622494,53.118712273641854,265000.0,5256.0
266000.0,0.413802846,5.626605406031009E-10,266000.0,79.3,58.636399968028144,57.92682926829269,57.66871165644173,266000.0,5256.0
267000.0,0.415065857,5.643778957612809E-10,267000.0,78.2,56.39843034349238,57.66990291262136,55.69105691056912,267000.0,5256.0
268000.0,0.416322559,5.660866723768409E-10,268000.0,79.3,58.530330956006104,57.75510204081633,56.87500000000001,268000.0,5256.0
269000.0,0.417640709,5.678790017403659E-10,269000.0,78.5,56.976250890491556,56.565656565656575,55.76131687242799,269000.0,5256.0
270000.0,0.41905199,5.697979642078277E-10,270000.0,78.3,56.60000000000001,56.60000000000001,56.07287449392713,270000.0,5256.0
271000.0,0.420310184,5.715087695419785E-10,271000.0,80.5,60.83928442327312,60.52631578947369,58.773784355179714,271000.0,5256.0
272000.0,0.421641532,5.733190446346995E-10,272000.0,80.30000000000001,60.607878424315146,62.04238921001928,59.71370143149285,272000.0,5256.0
273000.0,0.423072993,5.752654464729127E-10,273000.0,79.0,57.99512743478245,59.30232558139535,56.34095634095635,273000.0,5256.0
274000.0,0.424336932,5.769840634614227E-10,274000.0,79.60000000000001,59.205221731618366,59.20000000000001,57.32217573221759,274000.0,5256.0
275000.0,0.425749301,5.789045053161678E-10,275000.0,80.10000000000001,60.20477542694878,59.470468431771906,59.1375770020534,275000.0,5256.0
276000.0,0.427025336,5.80639569610357E-10,276000.0,79.2,58.42660697153822,56.935817805383024,56.302521008403374,276000.0,5256.0
277000.0,0.42843559,5.82557135634124E-10,277000.0,77.5,54.987396471011884,55.08982035928144,54.08163265306123,277000.0,5256.0
278000.0,0.42973917,5.843296537175771E-10,278000.0,78.2,56.38604353393086,55.144032921810705,56.13682092555332,278000.0,5256.0
279000.0,0.430996021,5.860386329330501E-10,279000.0,79.7,59.12170053725765,58.05785123966943,57.082452431289646,279000.0,5256.0
280000.0,0.43225162,5.877459097653624E-10,280000.0,79.80000000000001,59.59418156214497,60.70038910505837,59.10931174089069,280000.0,5256.0
281000.0,0.43354981,5.895110988989469E-10,281000.0,78.0,55.973055509972106,56.43564356435644,53.38983050847458,281000.0,5256.0
282000.0,0.435002509,5.914863787032661E-10,282000.0,76.8,53.56285028022418,54.59882583170255,53.968253968253975,282000.0,5256.0
283000.0,0.436234614,5.931617100164291E-10,283000.0,79.0,57.91869892632566,57.83132530120483,56.15866388308978,283000.0,5256.0
284000.0,0.437464929,5.948346074111756E-10,284000.0,77.60000000000001,55.19874556487583,56.756756756756765,55.289421157684636,284000.0,5256.0
285000.0,0.438843745,5.967094262130554E-10,285000.0,78.4,56.799481593779134,56.800000000000004,57.31225296442688,285000.0,5256.0
286000.0,0.440068918,5.983753318712111E-10,286000.0,78.10000000000001,56.07701564380265,60.469314079422375,53.503184713375795,286000.0,5256.0
287000.0,0.441338082,6.001010534539814E-10,287000.0,77.3,54.60653665872115,55.6640625,54.141414141414145,287000.0,5256.0
288000.0,0.442640479,6.018719629757101E-10,288000.0,76.5,53.03268924828319,54.01174168297457,51.84426229508197,288000.0,5256.0
289000.0,0.444007982,6.037313991412516E-10,289000.0,77.7,55.400000000000006,57.27969348659004,55.31062124248497,289000.0,5256.0
290000.0,0.445247046,6.054161928221579E-10,290000.0,77.4,54.800000000000004,56.78776290630976,54.25101214574899,290000.0,5256.0
291000.0,0.446475464,6.070865108072753E-10,291000.0,78.3,56.5968749749982,56.85884691848907,55.894308943089435,291000.0,5256.0
292000.0,0.447705844,6.087594965845342E-10,292000.0,77.3,54.61996721442566,55.31496062992126,54.50901803607214,292000.0,5256.0
293000.0,0.44893151,6.104260725900526E-10,293000.0,75.7,51.3123622520537,51.4,48.84210526315789,293000.0,5256.0
294000.0,0.450159265,6.120954890735443E-10,294000.0,77.2,54.38978331146177,52.5,54.851485148514854,294000.0,5256.0
295000.0,0.451566238,6.14008593820035E-10,295000.0,76.3,52.60341255429609,51.23456790123457,53.43811394891945,295000.0,5256.0
296000.0,0.452791829,6.156750678457315E-10,296000.0,76.9,53.76152959262107,53.800000000000004,52.17391304347826,296000.0,5256.0
297000.0,0.454062768,6.17403202950954E-10,297000.0,72.6,45.20175354388659,45.74257425742574,44.97991967871485,297000.0,5256.0
298000.0,0.455773732,6.197296536713833E-10,298000.0,73.6,47.20063359239688,46.881287726358146,45.79055441478439,298000.0,5256.0
299000.0,0.457162172,6.216175585240121E-10,299000.0,74.2,48.40165114716329,48.70775347912525,46.13778705636743,299000.0,5256.0
300000.0,0.458445138,6.233620471134777E-10,300000.0,74.4,48.799180786892585,49.5069033530572,46.88796680497925,300000.0,5256.0
301000.0,0.459740412,6.25123271271586E-10,301000.0,74.2,48.40330218865993,46.47302904564315,46.8041237113402,301000.0,5256.0
302000.0,0.461066417,6.269262813217934E-10,302000.0,70.89999999999999,41.70486233533125,39.87603305785123,39.751552795031046,302000.0,5256.0
303000.0,0.462698474,6.291454397514458E-10,303000.0,79.60000000000001,59.098400426659836,59.443339960238575,55.74837310195229,303000.0,5256.0
304000.0,0.464058909,6.309952653385694E-10,304000.0,73.9,47.72891131939437,48.92367906066536,47.37903225806451,304000.0,5256.0
305000.0,0.46563212,6.331344090402121E-10,305000.0,75.1,50.198406349003164,51.17647058823529,48.553719008264466,305000.0,5256.0
306000.0,0.467263342,6.353524320945138E-10,306000.0,75.5,50.99803992159686,47.983014861995755,50.101832993890014,306000.0,5256.0
307000.0,0.468524887,6.37067793887108E-10,307000.0,76.9,53.81293237893391,53.42741935483871,52.76073619631902,307000.0,5256.0
308000.0,0.46983221,6.388454014435404E-10,308000.0,76.5,52.99473541036597,56.72191528545121,53.28031809145129,308000.0,5256.0
309000.0,0.471303119,6.408454419486218E-10,309000.0,79.2,58.398835167384696,60.380952380952394,57.55102040816327,309000.0,5256.0
310000.0,0.472560735,6.425554613582784E-10,310000.0,78.9,57.71475294193094,58.869395711500985,57.113821138211385,310000.0,5256.0
311000.0,0.473883033,6.443534308858209E-10,311000.0,76.6,53.20748680211166,54.20743639921722,53.2,311000.0,5256.0
312000.0,0.475262891,6.462296665273601E-10,312000.0,76.9,53.80554333479982,56.16698292220115,52.46913580246913,312000.0,5256.0
313000.0,0.476639432,6.481013919413084E-10,313000.0,77.4,54.78553137003841,51.70940170940172,54.158215010141994,313000.0,5256.0
314000.0,0.47799965,6.49950922466814E-10,314000.0,77.0,53.95303209273459,56.52173913043479,48.775055679287306,314000.0,5256.0
315000.0,0.479266408,6.516733725368971E-10,315000.0,80.7,61.40092637776694,60.04140786749483,59.79166666666668,315000.0,5256.0
316000.0,0.480526811,6.533871815167362E-10,316000.0,80.60000000000001,61.19301474265369,61.20000000000001,62.835249042145605,316000.0,5256.0
317000.0,0.481793213,6.55109147522598E-10,317000.0,78.3,56.6020831000112,55.80448065173117,56.42570281124498,317000.0,5256.0
318000.0,0.483229655,6.570623221807177E-10,318000.0,78.0,55.89998115726469,57.85440613026821,54.07098121085595,318000.0,5256.0
319000.0,0.484539405,6.588432298041875E-10,319000.0,78.4,56.70908908708287,58.220502901353974,54.52631578947369,319000.0,5256.0
320000.0,0.485841445,6.60613653901964E-10,320000.0,76.6,53.20524101300654,51.1482254697286,52.63157894736842,320000.0,5256.0
321000.0,0.487257345,6.625388969667251E-10,321000.0,76.8,53.610576788492224,53.31991951710262,52.6530612244898,321000.0,5256.0
322000.0,0.488520539,6.642565009556706E-10,322000.0,76.9,53.82438072697616,53.6144578313253,50.42918454935622,322000.0,5256.0
323000.0,0.489816099,6.66018113996833E-10,323000.0,77.9,55.79611005768508,56.92007797270956,54.989816700611,323000.0,5256.0
324000.0,0.491076563,6.677320059202606E-10,324000.0,74.0,48.012477005518676,48.41269841269841,46.721311475409834,324000.0,5256.0
325000.0,0.492382121,6.695072135515506E-10,325000.0,77.3,54.50719467714137,54.690618762475054,51.28755364806867,325000.0,5256.0
326000.0,0.493762898,6.71384698785841E-10,326000.0,72.89999999999999,45.74009706716215,45.14170040485829,47.0703125,326000.0,5256.0
327000.0,0.495033208,6.731119786202902E-10,327000.0,74.8,49.5548011017872,49.29577464788733,46.61016949152542,327000.0,5256.0
328000.0,0.496282384,6.748105219006533E-10,328000.0,76.3,52.589759388027815,51.533742331288344,52.0242914979757,328000.0,5256.0
329000.0,0.497554618,6.765404178574676E-10,329000.0,75.8,51.612387228869416,51.98412698412699,48.06866952789699,329000.0,5256.0
330000.0,0.498939255,6.784231516532595E-10,330000.0,75.3,50.428681523344686,49.48875255623722,48.0,330000.0,5256.0
331000.0,0.500166492,6.800918637961144E-10,331000.0,76.8,53.6,54.95145631067962,53.31991951710262,331000.0,5256.0
332000.0,0.501426363,6.818049493990834E-10,332000.0,78.2,56.385869021562996,55.32786885245902,55.05154639175258,332000.0,5256.0
333000.0,0.50263458,6.834477994590992E-10,333000.0,77.2,54.40164154090452,53.65853658536586,55.118110236220474,333000.0,5256.0
334000.0,0.503845094,6.850937728211278E-10,334000.0,79.0,57.971588794024775,57.230142566191454,56.6115702479339,334000.0,5256.0
335000.0,0.505073314,6.867638215795154E-10,335000.0,77.2,54.364404235303546,56.73624288425047,52.98969072164949,335000.0,5256.0
336000.0,0.506300913,6.884330259449774E-10,336000.0,81.3,62.42958057749952,60.7142857142857,60.2972399150743,336000.0,5256.0
337000.0,0.507524227,6.900964038632805E-10,337000.0,79.10000000000001,58.19364543410599,56.36743215031316,56.54885654885655,337000.0,5256.0
338000.0,0.508801948,6.918337606638665E-10,338000.0,79.7,59.40357248562128,56.99152542372882,57.53138075313808,338000.0,5256.0
339000.0,0.510078854,6.935700092837209E-10,339000.0,78.7,57.27421528981321,57.56972111553785,58.07086614173229,339000.0,5256.0
340000.0,0.511355349,6.953056990541513E-10,340000.0,77.0,54.0,51.78197064989518,52.674897119341566,340000.0,5256.0
341000.0,0.512588596,6.969825831800694E-10,341000.0,77.7,55.22699711685954,53.44467640918581,53.83022774327122,341000.0,5256.0
342000.0,0.513859426,6.987105700746174E-10,342000.0,75.2,50.4,47.78947368421053,49.797570850202426,342000.0,5256.0
343000.0,0.515093966,7.003892123326655E-10,343000.0,77.5,54.976227448092594,54.72837022132797,54.08163265306123,343000.0,5256.0
344000.0,0.516319927,7.020561894588168E-10,344000.0,78.0,55.98996571218239,54.35684647302905,55.91182364729459,344000.0,5256.0
345000.0,0.517552889,7.037326860614117E-10,345000.0,73.8,47.59916158658538,48.01587301587301,45.86776859504132,345000.0,5256.0
346000.0,0.518779815,7.054009753279384E-10,346000.0,76.7,53.39813592543702,55.61904761904762,51.559251559251564,346000.0,5256.0
347000.0,0.520002109,7.070629663206633E-10,347000.0,77.8,55.555199641238374,55.33199195171027,53.94190871369295,347000.0,5256.0
348000.0,0.521233059,7.087367271445688E-10,348000.0,75.8,51.6,53.100775193798455,53.00970873786408,348000.0,5256.0
349000.0,0.522460085,7.104051523841914E-10,349000.0,76.4,52.79641252735209,51.63934426229508,51.34020618556702,349000.0,5256.0
350000.0,0.523690117,7.120776649750766E-10,350000.0,77.5,55.00539935207775,55.268389662027836,54.268292682926834,350000.0,5256.0
351000.0,0.525009579,7.138717783056196E-10,351000.0,77.9,55.76284078626047,56.58153241650295,55.26315789473685,351000.0,5256.0
352000.0,0.526297189,7.156225814856585E-10,352000.0,78.9,57.77973427245078,59.88593155893537,57.45967741935485,352000.0,5256.0
353000.0,0.527575586,7.173608574643727E-10,353000.0,76.6,53.16402997502081,55.513307984790885,50.84033613445378,353000.0,5256.0
354000.0,0.528804076,7.190312733501192E-10,354000.0,77.0,54.01177298611556,52.965235173824134,52.57731958762887,354000.0,5256.0
355000.0,0.530070162,7.207528096809979E-10,355000.0,78.4,56.804837858159885,57.89473684210527,55.55555555555556,355000.0,5256.0
356000.0,0.531437776,7.226123967766758E-10,356000.0,78.5,56.9783170718042,56.122448979591844,55.02092050209205,356000.0,5256.0
357000.0,0.532664409,7.242802876420315E-10,357000.0,81.2,62.391575712959714,62.99212598425198,61.31687242798355,357000.0,5256.0
358000.0,0.533952993,7.260324152000244E-10,358000.0,78.10000000000001,56.09568334362446,55.66801619433199,54.18410041841004,358000.0,5256.0
359000.0,0.535185439,7.277082101814444E-10,359000.0,80.0,59.96156310057656,61.46435452793835,58.41995841995843,359000.0,5256.0
360000.0,0.536412113,7.293761567957695E-10,360000.0,80.30000000000001,60.59180309504379,59.95934959349595,60.362173038229386,360000.0,5256.0
361000.0,0.53764249,7.310491384938355E-10,361000.0,81.89999999999999,63.797103768301454,63.43434343434342,61.07526881720429,361000.0,5256.0
362000.0,0.538864997,7.327114191092547E-10,362000.0,83.0,66.0048952950775,68.16479400749063,65.79476861167001,362000.0,5256.0
363000.0,0.540087743,7.34374024700373E-10,363000.0,82.6,65.21113243761995,66.73040152963671,63.90041493775933,363000.0,5256.0
364000.0,0.541578258,7.364007240906354E-10,364000.0,82.0,63.9475075710234,65.18375241779496,62.577962577962566,364000.0,5256.0
365000.0,0.543048599,7.383999922685321E-10,365000.0,81.10000000000001,62.19092582219734,62.79527559055119,63.44294003868474,365000.0,5256.0
366000.0,0.544460948,7.403204069286581E-10,366000.0,81.0,62.000000000000014,61.46044624746452,63.320463320463325,366000.0,5256.0
367000.0,0.545877075,7.422459586523469E-10,367000.0,84.3,68.60527431391526,70.32136105860113,68.41046277665995,367000.0,5256.0
368000.0,0.547144934,7.439699057862158E-10,368000.0,82.0,63.98155855798168,64.07185628742515,63.562753036437236,368000.0,5256.0
369000.0,0.548472589,7.457751593925055E-10,369000.0,81.2,62.405413620438665,63.56589147286823,60.669456066945614,369000.0,5256.0
370000.0,0.549743508,7.475032673031088E-10,370000.0,79.0,58.006550978047436,56.9672131147541,55.12820512820513,370000.0,5256.0
371000.0,0.551009859,7.492251639626916E-10,371000.0,83.0,65.96065051199186,67.11798839458413,66.46942800788955,371000.0,5256.0
372000.0,0.552331773,7.510226113535459E-10,372000.0,80.2,60.38558035124786,61.99616122840692,59.342915811088304,372000.0,5256.0
373000.0,0.553604893,7.527537120319898E-10,373000.0,80.4,60.79749103942653,61.111111111111114,60.956175298804794,373000.0,5256.0
374000.0,0.554874902,7.544805825874205E-10,374000.0,81.8,63.561520966140236,63.008130081300806,62.85714285714285,374000.0,5256.0
375000.0,0.556217342,7.56305939815938E-10,375000.0,80.9,61.78716048592329,63.127413127413135,59.70464135021098,375000.0,5256.0
376000.0,0.557503287,7.580544790439303E-10,376000.0,81.8,63.636654252513445,61.764705882352935,62.00417536534446,376000.0,5256.0
377000.0,0.558833546,7.598632733896369E-10,377000.0,80.60000000000001,61.1521394357849,59.243697478991606,60.08230452674898,377000.0,5256.0
378000.0,0.560223346,7.617530274763698E-10,378000.0,80.60000000000001,61.233494260958544,62.620423892100206,62.03522504892369,378000.0,5256.0
379000.0,0.561649169,7.636917631514365E-10,379000.0,80.60000000000001,61.1743750875578,62.835249042145605,60.96579476861168,379000.0,5256.0
380000.0,0.562886541,7.653742561675603E-10,380000.0,80.80000000000001,61.600767984640314,61.75298804780878,61.13360323886641,380000.0,5256.0
381000.0,0.564169862,7.671192274615163E-10,381000.0,79.0,57.95560111477721,57.74647887323945,56.6115702479339,381000.0,5256.0
382000.0,0.565564911,7.690161187760527E-10,382000.0,81.2,62.38510450138256,64.85981308411216,61.55419222903886,382000.0,5256.0
383000.0,0.566800875,7.706966972909863E-10,383000.0,81.6,63.199411190579035,61.98347107438016,63.41948310139164,383000.0,5256.0
384000.0,0.568077872,7.72433069646358E-10,384000.0,82.19999999999999,64.39843353107536,65.23437499999999,64.39999999999999,384000.0,5256.0
385000.0,0.569310305,7.741088469512756E-10,385000.0,82.39999999999999,64.77294562223787,63.256784968684755,63.786008230452666,385000.0,5256.0
386000.0,0.570545018,7.757877244427796E-10,386000.0,83.7,67.41772475773179,69.30320150659132,66.32231404958677,386000.0,5256.0
387000.0,0.571782546,7.77470429576933E-10,387000.0,82.19999999999999,64.39273611816809,65.09803921568627,65.30214424951266,387000.0,5256.0
388000.0,0.573018207,7.79150596093386E-10,388000.0,83.2,66.37740561657432,68.53932584269661,64.99999999999999,388000.0,5256.0
389000.0,0.574269579,7.808521253429348E-10,389000.0,81.2,62.32042072857876,62.69841269841271,60.504201680672274,389000.0,5256.0
390000.0,0.575653651,7.827340908907348E-10,390000.0,82.6,65.19874715489757,65.2694610778443,64.5621181262729,390000.0,5256.0
391000.0,0.576895723,7.844229746423657E-10,391000.0,84.0,67.99910397491129,66.87370600414077,67.67676767676767,391000.0,5256.0
392000.0,0.578281253,7.863069226779038E-10,392000.0,85.2,70.39999999999999,69.54732510288065,69.97971602434076,392000.0,5256.0
393000.0,0.579575732,7.880670658498998E-10,393000.0,81.6,63.1793804530537,63.56435643564355,63.05220883534135,393000.0,5256.0
394000.0,0.580790662,7.89719043783843E-10,394000.0,83.39999999999999,66.6072570879114,67.38703339882122,64.14686825053994,394000.0,5256.0
395000.0,0.582181089,7.916096504218871E-10,395000.0,82.6,65.20208787472751,65.54455445544554,64.98993963782695,395000.0,5256.0
396000.0,0.583420476,7.932948832958932E-10,396000.0,82.89999999999999,65.72459410703547,65.03067484662576,63.99999999999999,396000.0,5256.0
397000.0,0.584652941,7.949707041122015E-10,397000.0,83.39999999999999,66.78605014105923,66.86626746506985,65.77319587628865,397000.0,5256.0
398000.0,0.585886801,7.966484217531974E-10,398000.0,82.69999999999999,65.32621418378308,65.81027667984188,66.27680311890838,398000.0,5256.0
399000.0,0.587119289,7.983242738433178E-10,399000.0,82.69999999999999,65.37479284919421,64.83739837398373,64.40329218106994,399000.0,5256.0
400000.0,0.588353478,8.000024388357993E-10,400000.0,82.39999999999999,64.77336866671203,64.22764227642276,64.15478615071282,400000.0,5256.0
401000.0,0.589584956,8.016769175976511E-10,401000.0,82.69999999999999,65.40719530337688,65.81027667984188,64.40329218106994,401000.0,5256.0
402000.0,0.590892065,8.034542341716583E-10,402000.0,84.8,69.59671644537609,67.86469344608878,69.53907815631261,402000.0,5256.0
403000.0,0.592139846,8.051508806273337E-10,403000.0,82.5,64.90876278323641,66.21621621621621,61.95652173913042,403000.0,5256.0
404000.0,0.59361417,8.071555646136399E-10,404000.0,82.5,64.95710749957948,64.85943775100401,63.54166666666665,404000.0,5256.0
405000.0,0.594850779,8.08837020155042E-10,405000.0,83.6,67.19146978214336,67.0020120724346,68.33976833976834,405000.0,5256.0
406000.0,0.596144287,8.105958430282767E-10,406000.0,83.2,66.38588207046958,65.78411405295314,64.48202959830866,406000.0,5256.0
407000.0,0.597528366,8.124778180941935E-10,407000.0,82.89999999999999,65.79753742269442,64.30062630480165,65.59356136820925,407000.0,5256.0
408000.0,0.598762113,8.141553820855912E-10,408000.0,82.6,65.18119784683728,65.0602409638554,62.66094420600857,408000.0,5256.0
409000.0,0.600018952,8.158643449842926E-10,409000.0,84.39999999999999,68.75688450061084,68.73747494989979,67.29559748427673,409000.0,5256.0
410000.0,0.601234653,8.175173712708052E-10,410000.0,84.5,68.94185916034816,68.81287726358148,67.64091858037577,410000.0,5256.0
411000.0,0.602449029,8.191685959137972E-10,411000.0,83.89999999999999,67.73547094188376,68.18181818181817,67.8,411000.0,5256.0
412000.0,0.603677823,8.208394251577552E-10,412000.0,81.69999999999999,63.40526964117166,61.55462184873949,63.97637795275589,412000.0,5256.0
413000.0,0.604914054,8.225203667208548E-10,413000.0,82.69999999999999,65.36813868759258,65.12096774193547,64.25619834710743,413000.0,5256.0
414000.0,0.606148218,8.241984977200623E-10,414000.0,82.89999999999999,65.68194589387491,65.10204081632652,66.33858267716535,414000.0,5256.0
415000.0,0.607398109,8.25898013208061E-10,415000.0,81.0,61.99467925509572,59.66029723991508,59.57446808510639,415000.0,5256.0
416000.0,0.60869366,8.276596140116449E-10,416000.0,83.3,66.54942272716346,67.0611439842209,65.13569937369519,416000.0,5256.0
417000.0,0.610181385,8.296825197525318E-10,417000.0,81.5,62.999999999999986,64.55938697318007,61.85567010309278,417000.0,5256.0
418000.0,0.611611188,8.316266671568151E-10,418000.0,82.3,64.57789660748307,66.34980988593155,62.815126050420155,418000.0,5256.0
419000.0,0.613032591,8.335593928210433E-10,419000.0,81.89999999999999,63.804343478782535,64.15841584158414,62.68041237113401,419000.0,5256.0
420000.0,0.614433768,8.35464616566896E-10,420000.0,84.39999999999999,68.73597126915924,70.84112149532712,67.56756756756756,420000.0,5256.0
421000.0,0.615759635,8.37267438974231E-10,421000.0,82.5,64.91861117793279,66.15087040618954,65.13944223107569,421000.0,5256.0
422000.0,0.617029001,8.389934352226551E-10,422000.0,79.9,59.80000000000001,61.121856866537726,60.81871345029241,422000.0,5256.0
423000.0,0.618295395,8.407153903506692E-10,423000.0,80.9,61.79908317799628,58.38779956427016,61.020408163265316,423000.0,5256.0
424000.0,0.619625543,8.425240337662394E-10,424000.0,80.9,61.79694375550044,62.027833001988085,61.72344689378758,424000.0,5256.0
425000.0,0.620861043,8.44203981366008E-10,425000.0,80.7,61.387644046094756,59.87525987525989,59.453781512605055,425000.0,5256.0
426000.0,0.622095175,8.458820688538248E-10,426000.0,82.39999999999999,64.80886816522235,63.179916317991626,64.15478615071282,426000.0,5256.0
427000.0,0.623366202,8.476103236153717E-10,427000.0,82.5,64.9809496366023,63.69294605809127,65.27777777777777,427000.0,5256.0
428000.0,0.624716082,8.494457972422237E-10,428000.0,80.30000000000001,60.59621723685474,58.95833333333334,58.70020964360588,428000.0,5256.0
429000.0,0.626197051,8.51459516640752E-10,429000.0,77.60000000000001,55.19551955195519,53.62318840579711,54.563894523326574,429000.0,5256.0
430000.0,0.627464082,8.531823379173869E-10,430000.0,81.3,62.57724696615541,62.52505010020039,61.44329896907216,430000.0,5256.0
431000.0,0.628714965,8.54883202258497E-10,431000.0,78.0,55.89043183267237,57.6923076923077,53.87840670859539,431000.0,5256.0
432000.0,0.629948294,8.565601978823538E-10,432000.0,81.6,63.201324752308906,62.525458248472496,62.977867203219304,432000.0,5256.0
433000.0,0.631180408,8.582355414330955E-10,433000.0,82.89999999999999,65.77124784819247,62.66375545851527,64.81481481481481,433000.0,5256.0
434000.0,0.63256645,8.601201856508847E-10,434000.0,79.5,59.00327973762101,60.116731517509734,57.20250521920669,434000.0,5256.0
435000.0,0.63382016,8.618248939514156E-10,435000.0,79.4,58.799505594067135,59.922178988326856,57.70020533880904,435000.0,5256.0
436000.0,0.635057396,8.63507202044129E-10,436000.0,79.9,59.781982328083,58.81147540983608,57.94979079497908,436000.0,5256.0
437000.0,0.636330476,8.652382483333345E-10,437000.0,78.60000000000001,57.14085437904309,57.707509881422936,55.876288659793815,437000.0,5256.0
438000.0,0.637561708,8.669123926013704E-10,438000.0,77.60000000000001,55.22578994499169,53.235908141962426,54.47154471544716,438000.0,5256.0
439000.0,0.638793942,8.685878993198271E-10,439000.0,78.5,56.811351985472555,57.34126984126985,53.362255965292846,439000.0,5256.0
440000.0,0.640079492,8.703359014540906E-10,440000.0,77.8,55.60426199084889,57.4712643678161,54.96957403651116,440000.0,5256.0
441000.0,0.641326247,8.720311528258021E-10,441000.0,82.39999999999999,64.79211343340907,64.58752515090542,64.37246963562751,441000.0,5256.0
442000.0,0.642668872,8.73856761604547E-10,442000.0,80.30000000000001,60.483029768113624,57.725321888412026,58.085106382978736,442000.0,5256.0
443000.0,0.643950979,8.756000821851189E-10,443000.0,78.0,56.00000000000001,56.94716242661448,55.28455284552846,443000.0,5256.0
444000.0,0.645191981,8.772875110246236E-10,444000.0,77.8,55.609765851512684,52.56410256410257,52.76595744680851,444000.0,5256.0
445000.0,0.646427054,8.789668780192728E-10,445000.0,78.9,57.768917923591765,56.76229508196722,56.041666666666664,445000.0,5256.0
446000.0,0.647703679,8.807027445547277E-10,446000.0,81.69999999999999,63.40058559063054,61.310782241014785,61.55462184873949,446000.0,5256.0
447000.0,0.648938336,8.82381545901298E-10,447000.0,79.2,58.39467451833836,60.07677543186182,57.72357723577236,447000.0,5256.0
448000.0,0.650173372,8.840608625859017E-10,448000.0,81.0,62.0244562501749,63.531669865643,62.30158730158731,448000.0,5256.0
449000.0,0.651408591,8.857404281012708E-10,449000.0,81.3,62.604188330906915,62.44979919678714,62.06896551724137,449000.0,5256.0
450000.0,0.652640194,8.874150768294925E-10,450000.0,79.7,59.41428617126772,60.88631984585743,58.73983739837399,450000.0,5256.0
451000.0,0.653872695,8.890909465961154E-10,451000.0,79.10000000000001,58.13200637835846,57.172131147540995,56.72877846790891,451000.0,5256.0
452000.0,0.655103816,8.907649399340148E-10,452000.0,83.0,65.99891196518287,66.2027833001988,65.58704453441294,452000.0,5256.0
453000.0,0.656337749,8.924427568353707E-10,453000.0,82.19999999999999,64.38076561343125,67.51824817518246,62.99376299376298,453000.0,5256.0
454000.0,0.657664351,8.942465786449605E-10,454000.0,80.4,60.80705473014859,59.75359342915812,60.404040404040416,454000.0,5256.0
455000.0,0.659585702,8.968590990826482E-10,455000.0,77.0,53.968514463893314,55.165692007797276,53.15682281059063,455000.0,5256.0
456000.0,0.661137324,8.989688875526184E-10,456000.0,78.60000000000001,57.1897255341282,58.203125000000014,55.41666666666667,456000.0,5256.0
457000.0,0.663031857,9.015449427254492E-10,457000.0,78.3,56.59618046388082,54.507337526205454,57.11462450592886,457000.0,5256.0
458000.0,0.66471986,9.038401726633305E-10,458000.0,77.0,53.93421806339453,52.57731958762887,52.47933884297521,458000.0,5256.0
459000.0,0.666461299,9.062080611847335E-10,459000.0,77.2,54.410029793445446,55.46875,53.278688524590166,459000.0,5256.0
460000.0,0.668313778,9.087269342318171E-10,460000.0,77.10000000000001,54.19560277786667,55.79150579150579,54.38247011952192,460000.0,5256.0
461000.0,0.670017986,9.11044198609888E-10,461000.0,75.2,50.40059519285768,50.89108910891089,46.78111587982832,461000.0,5256.0
462000.0,0.671772445,9.134297908283764E-10,462000.0,75.7,51.401943922243106,52.5390625,47.288503253796094,462000.0,5256.0
463000.0,0.673397731,9.156397425197059E-10,463000.0,76.7,53.30324432223568,53.952569169960476,51.15303983228512,463000.0,5256.0
464000.0,0.674672425,9.173729834146792E-10,464000.0,77.9,55.79646371709737,55.88822355289421,54.52674897119342,464000.0,5256.0
465000.0,0.675942773,9.191003149189049E-10,465000.0,77.4,54.68689849865264,56.952380952380956,52.62054507337527,465000.0,5256.0
466000.0,0.677208208,9.208209660649294E-10,466000.0,77.5,55.023387838324076,55.70866141732284,54.08163265306123,466000.0,5256.0
467000.0,0.678535576,9.226258294284338E-10,467000.0,75.9,51.7872718397657,52.46548323471401,52.37154150197628,467000.0,5256.0
468000.0,0.680391136,9.251488918066019E-10,468000.0,76.9,53.787430181009235,55.831739961759084,51.47058823529412,468000.0,5256.0
469000.0,0.681980576,9.273101025819773E-10,469000.0,77.2,54.37718859429715,54.67196819085487,53.086419753086425,469000.0,5256.0
470000.0,0.683261874,9.290523231402034E-10,470000.0,77.60000000000001,55.19498183796586,55.02008032128515,52.94117647058824,470000.0,5256.0
471000.0,0.684562701,9.308210978843267E-10,471000.0,80.80000000000001,61.35405722014904,62.79069767441862,58.07860262008735,471000.0,5256.0
472000.0,0.685866038,9.325932855531568E-10,472000.0,78.60000000000001,57.197431845910764,57.8740157480315,57.02811244979921,472000.0,5256.0
473000.0,0.687129986,9.343119147792453E-10,473000.0,79.2,58.47258991283238,57.28952772073923,56.118143459915615,473000.0,5256.0
474000.0,0.68848403,9.361530503258104E-10,474000.0,79.2,58.31195484864033,57.55102040816327,56.485355648535574,474000.0,5256.0
475000.0,0.689913046,9.380961276218289E-10,475000.0,81.8,63.57654329388125,62.4742268041237,63.08316430020283,475000.0,5256.0
476000.0,0.691216757,9.398688238300376E-10,476000.0,78.10000000000001,55.95227559796294,54.84536082474227,52.69978401727862,476000.0,5256.0
477000.0,0.692506333,9.416223002411418E-10,477000.0,79.4,58.78417312247905,59.765625000000014,56.722689075630264,477000.0,5256.0
478000.0,0.693830005,9.43422138039022E-10,478000.0,79.10000000000001,58.16921254042976,58.53174603174603,56.18448637316562,478000.0,5256.0
479000.0,0.695095742,9.451431998237961E-10,479000.0,79.9,59.80000000000001,59.063136456211815,59.14634146341464,479000.0,5256.0
480000.0,0.696356598,9.468576247617596E-10,480000.0,79.0,57.79335627230924,57.40365111561867,54.741379310344826,480000.0,5256.0
481000.0,0.697623254,9.48579936139285E-10,481000.0,78.8,57.495268341192705,58.10276679841898,55.64853556485356,481000.0,5256.0
482000.0,0.698884688,9.502951470017429E-10,482000.0,77.8,55.54861419801291,56.47058823529413,55.68862275449102,482000.0,5256.0
483000.0,0.70014945,9.52014883048832E-10,483000.0,79.5,58.99507940952916,58.07770961145196,60.87786259541985,483000.0,5256.0
484000.0,0.70141874,9.537407759577032E-10,484000.0,78.60000000000001,57.205477698854544,57.37051792828686,55.323590814196244,484000.0,5256.0
485000.0,0.702675133,9.55449132416397E-10,485000.0,76.5,52.997367852599744,52.13849287169043,51.041666666666664,485000.0,5256.0
486000.0,0.70390845,9.571261117234821E-10,486000.0,77.9,55.82756360031341,58.45864661654135,54.33884297520662,486000.0,5256.0
487000.0,0.705178256,9.588527062535281E-10,487000.0,73.4,46.723281525396565,47.11729622266401,44.58333333333333,487000.0,5256.0
488000.0,0.706544185,9.607100022025401E-10,488000.0,78.60000000000001,57.19948639383674,59.16030534351145,55.509355509355515,488000.0,5256.0
489000.0,0.707814656,9.624375009536738E-10,489000.0,74.5,49.00367173563504,48.795180722891565,47.31404958677686,489000.0,5256.0
490000.0,0.7090765,9.641532693058248E-10,490000.0,76.8,53.568798232412185,52.459016393442624,52.94117647058824,490000.0,5256.0
491000.0,0.710347396,9.65881345942616E-10,491000.0,80.80000000000001,61.585248735514455,61.13360323886641,62.20472440944883,491000.0,5256.0
492000.0,0.711575912,9.675517971813674E-10,492000.0,78.0,56.00193591481975,54.35684647302905,56.26242544731611,492000.0,5256.0
493000.0,0.712804669,9.692225761152798E-10,493000.0,77.5,55.005039435583214,56.47969052224372,52.43128964059197,493000.0,5256.0
494000.0,0.714069852,9.709428846091027E-10,494000.0,79.10000000000001,58.19699018329321,54.663774403470725,58.03212851405624,494000.0,5256.0
495000.0,0.715298558,9.726135941967363E-10,495000.0,77.2,54.37572788723601,56.15384615384615,50.21834061135371,495000.0,5256.0
496000.0,0.71671362,9.745376978069539E-10,496000.0,74.8,49.6032253935748,50.0990099009901,49.193548387096776,496000.0,5256.0
497000.0,0.71824184,9.76615665853023E-10,497000.0,77.7,55.40321096881026,53.734439834024904,54.396728016359916,497000.0,5256.0
498000.0,0.719741527,9.78654836695641E-10,498000.0,75.7,51.195019080136575,52.071005917159766,47.4025974025974,498000.0,5256.0
499000.0,0.721168108,9.805946030467745E-10,499000.0,77.0,54.0,54.45544554455446,53.535353535353536,499000.0,5256.0
500000.0,0.722662527,9.826266108267006E-10,500000.0,75.0,49.938324015186716,48.132780082987544,47.257383966244724,500000.0,5256.0
